CHAIR SOFA TABLE DRESSER DESK BED STOVE BOOKCASE FOOTSTOOL LAMP PIANO MIRROR RUG RADIO CLOCK PICTURE VASE TELEPHONE CLOSET CUSHION
0
208 0
264 324 0
339 380 267 0
254 372 202 268 0
302 254 327 316 332 0
443 457 414 444 414 459 0
400 369 316 291 278 392 443 0
256 288 318 377 343 347 456 401 0
378 389 334 365 310 375 428 399 415 0
342 397 356 404 362 443 461 411 377 418 0
430 427 418 326 393 418 460 417 455 389 436 0
384 362 384 402 401 387 472 405 406 424 401 449 0
441 435 372 406 364 404 443 410 458 368 311 433 463 0
440 433 354 390 353 379 406 414 446 338 420 414 446 260 0
442 423 402 406 400 408 470 387 440 402 405 287 437 424 433 0
426 443 361 391 387 444 470 397 440 370 387 415 427 424 417 363 0
396 431 373 423 359 407 455 427 436 387 400 451 453 289 358 446 422 0
431 440 426 294 402 404 457 378 432 441 464 396 442 458 461 460 462 461 0
248 231 395 438 400 285 470 438 324 435 403 436 317 470 462 457 439 458 455 0