 FOOTBALL BASEBALL BASKETBALL TENNIS CANOEING SWIMMING BOXING VOLLEYBALL SKIING SURFING FENCING SKINDIVING ARCHERY PINGPONG HORSEBACK HIKING BILLIARD CAMPING CHECKERS JUMPROPE
 0
 244.0 0
 255.0 267.0 0
 334.0 318.0 310.0 0
 403.0 395.0 405.0 381.0 0
 367.0 365.0 377.0 330.0 261.0 0
 288.0 361.0 359.0 352.0 412.0 383.0 0
 294.0 300.0 262.0 266.0 394.0 364.0 378.0 0
 377.0 385.0 376.0 367.0 348.0 311.0 383.0 384.0 0
 395.0 387.0 385.0 370.0 287.0 205.0 404.0 369.0 252.0 0
 383.0 388.0 391.0 342.0 391.0 395.0 274.0 374.0 383.0 375.0 0
 404.0 407.0 395.0 383.0 296.0 185.0 389.0 396.0 314.0 238.0 387.0 0
 383.0 352.0 376.0 347.0 349.0 383.0 367.0 359.0 395.0 384.0 273.0 393.0 0
 400.0 354.0 373.0 210.0 420.0 417.0 403.0 308.0 420.0 416.0 369.0 412.0 377.0 0
 409.0 395.0 419.0 388.0 330.0 359.0 400.0 391.0 354.0 350.0 388.0 381.0 330.0 420.0 0
 375.0 382.0 396.0 377.0 274.0 325.0 390.0 388.0 291.0 360.0 408.0 335.0 349.0 430.0 277.0 0
 402.0 373.0 392.0 356.0 426.0 429.0 396.0 385.0 420.0 425.0 366.0 435.0 367.0 301.0 414.0 435.0 0
 415.0 392.0 405.0 409.0 269.0 318.0 417.0 378.0 353.0 386.0 419.0 362.0 313.0 427.0 293.0 188.0 429.0 0
 424.0 434.0 419.0 413.0 427.0 430.0 430.0 405.0 441.0 431.0 402.0 451.0 388.0 321.0 422.0 437.0 338.0 411.0 0
 403.0 388.0 379.0 390.0 421.0 391.0 307.0 362.0 406.0 401.0 391.0 423.0 391.0 364.0 410.0 372.0 432.0 416.0 378.0 0